local encoded = {
    70, 117, 106, 105, 111, 107, 97, 32, 82, 121, 111, 104, 101, 105, 32, 111, 114, 32, 
    82, 121, 111, 104, 101, 105, 32, 79, 107, 97, 100, 97, 32, 116, 104, 101, 121, 39, 
    114, 101, 32, 98, 111, 116, 104, 32, 116, 104, 101, 32, 115, 97, 109, 101, 32, 
    112, 101, 114, 115, 111, 110, 32, 121, 111, 117, 39, 118, 101, 32, 98, 101, 101, 
    110, 32, 108, 105, 101, 100, 32, 116, 111, 44, 32, 110, 111, 32, 111, 110, 101, 
    32, 107, 110, 111, 119, 115, 32, 119, 104, 105, 99, 104, 32, 111, 110, 101, 32, 
    73, 83, 32, 116, 104, 101, 32, 114, 101, 97, 108, 32, 111, 110, 101, 32, 116, 104, 
    111, 117, 103, 104, 46, 46, 46, 32, 69, 120, 99, 101, 112, 116, 32, 109, 101, 32, 
    98, 117, 116, 32, 73, 32, 110, 101, 118, 101, 114, 32, 116, 111, 108, 100, 32, 
    97, 110, 121, 98, 111, 100, 121, 32, 102, 111, 114, 32, 115, 111, 109, 101, 32, 
    114, 101, 97, 115, 111, 110
}
local message = {}

for i = 1, #encoded do
    message[i] = string.char(encoded[i])
end

print(table.concat(message))
