local encoded = {
    73, 115, 110, 39, 116, 32, 105, 116, 32, 119, 101, 105, 114, 100, 32, 105, 39, 
    109, 32, 112, 117, 116, 116, 105, 110, 103, 32, 109, 121, 115, 101, 108, 102, 
    32, 116, 104, 114, 111, 117, 103, 104, 32, 97, 108, 108, 32, 116, 104, 105, 
    115, 32, 119, 111, 114, 107, 32, 78, 79, 84, 32, 104, 111, 112, 105, 110, 103, 
    32, 112, 101, 111, 112, 108, 101, 32, 119, 111, 117, 108, 100, 32, 100, 101, 
    99, 111, 100, 101, 32, 115, 104, 105, 116, 32, 111, 110, 32, 116, 104, 105, 
    115, 32, 114, 101, 112, 111, 115, 105, 116, 111, 114, 121, 63, 32, 89, 101, 
    97, 104, 32, 73, 32, 100, 111, 110, 39, 116, 32, 107, 110, 111, 119, 32, 101, 
    105, 116, 104, 101, 114, 46
}
local message = {}

for i = 1, #encoded do
    message[i] = string.char(encoded[i])
end

print(table.concat(message))
